Particles
1.000000,1.000000,[0.9509806, 0.3092505],[2.5, 2.5],[0.0, 0.0],5.000000,100,red,true
1.000000,1.000000,[0.9766674, -0.21475737],[2.5, 2.531416],[0.0, 0.0],5.000000,100,red,true
1.000000,1.000000,[0.9270198, -0.3750124],[2.5, 2.56277],[0.0, 0.0],5.000000,100,red,true
1.000000,1.000000,[0.99284154, 0.11943901],[2.5, 2.593938],[0.0, 0.0],5.000000,100,red,true
1.000000,1.000000,[0.9954014, -0.09579181],[2.5, 2.6247976],[0.0, 0.0],5.000000,100,red,true
1.000000,1.000000,[0.97771585, -0.20993273],[2.5, 2.6552265],[0.0, 0.0],5.000000,100,red,true
1.000000,1.000000,[0.9847243, -0.17412078],[2.5, 2.6851048],[0.0, 0.0],5.000000,100,red,true
1.000000,1.000000,[0.9936226, -0.11275669],[2.5, 2.7143147],[0.0, 0.0],5.000000,100,red,true
1.000000,1.000000,[0.97812647, -0.20801106],[2.5, 2.7427406],[0.0, 0.0],5.000000,100,red,true
1.000000,1.000000,[0.97552645, -0.21988219],[2.5, 2.7702706],[0.0, 0.0],5.000000,100,red,true
1.000000,1.000000,[0.99958634, -0.028759448],[2.5, 2.7967958],[0.0, 0.0],5.000000,100,red,true
1.000000,1.000000,[0.99310946, 0.11719023],[2.5, 2.822212],[0.0, 0.0],5.000000,100,red,true
1.000000,1.000000,[0.928172, 0.37215152],[2.5, 2.8464184],[0.0, 0.0],5.000000,100,red,true
1.000000,1.000000,[0.99716586, 0.07523472],[2.5, 2.8693197],[0.0, 0.0],5.000000,100,red,true
1.000000,1.000000,[0.9967155, -0.08098293],[2.5, 2.8908253],[0.0, 0.0],5.000000,100,red,true
1.000000,1.000000,[0.93139833, -0.3640016],[2.5, 2.9108505],[0.0, 0.0],5.000000,100,red,true
1.000000,1.000000,[0.95426714, 0.29895517],[2.5, 2.9293163],[0.0, 0.0],5.000000,100,red,true
1.000000,1.000000,[0.9681753, 0.25027305],[2.5, 2.9461498],[0.0, 0.0],5.000000,100,red,true
1.000000,1.000000,[0.97859573, 0.20579216],[2.5, 2.9612846],[0.0, 0.0],5.000000,100,red,true
1.000000,1.000000,[0.9400081, 0.3411521],[2.5, 2.9746609],[0.0, 0.0],5.000000,100,red,true
1.000000,1.000000,[0.99988514, -0.015154612],[2.5, 2.9862258],[0.0, 0.0],5.000000,100,red,true
1.000000,1.000000,[0.9458708, 0.32454345],[2.5, 2.995934],[0.0, 0.0],5.000000,100,red,true
1.000000,1.000000,[0.9999331, 0.011567226],[2.5, 3.0037467],[0.0, 0.0],5.000000,100,red,true
1.000000,1.000000,[0.93837875, -0.34560865],[2.5, 3.0096335],[0.0, 0.0],5.000000,100,red,true
1.000000,1.000000,[0.9713873, 0.23750076],[2.5, 3.013571],[0.0, 0.0],5.000000,100,red,true
1.000000,1.000000,[0.96186584, 0.27352166],[2.5, 3.0155437],[0.0, 0.0],5.000000,100,red,true
1.000000,1.000000,[0.9842661, -0.17669256],[2.5, 3.0155437],[0.0, 0.0],5.000000,100,red,true
1.000000,1.000000,[0.9518421, 0.30658862],[2.5, 3.013571],[0.0, 0.0],5.000000,100,red,true
1.000000,1.000000,[0.9466486, 0.3222676],[2.5, 3.0096335],[0.0, 0.0],5.000000,100,red,true
1.000000,1.000000,[0.93653476, 0.35057467],[2.5, 3.0037467],[0.0, 0.0],5.000000,100,red,true
1.000000,1.000000,[0.9523015, -0.3051587],[2.5, 2.995934],[0.0, 0.0],5.000000,100,red,true
1.000000,1.000000,[0.96519595, 0.26152784],[2.5, 2.9862258],[0.0, 0.0],5.000000,100,red,true
1.000000,1.000000,[0.9625394, -0.27114183],[2.5, 2.9746609],[0.0, 0.0],5.000000,100,red,true
1.000000,1.000000,[0.9965264, -0.083277375],[2.5, 2.9612846],[0.0, 0.0],5.000000,100,red,true
1.000000,1.000000,[0.9871271, 0.1599376],[2.5, 2.9461498],[0.0, 0.0],5.000000,100,red,true
1.000000,1.000000,[0.99610317, 0.08819564],[2.5, 2.9293163],[0.0, 0.0],5.000000,100,red,true
1.000000,1.000000,[0.9279814, 0.37262654],[2.5, 2.9108505],[0.0, 0.0],5.000000,100,red,true
1.000000,1.000000,[0.9998978, 0.014297467],[2.5, 2.8908253],[0.0, 0.0],5.000000,100,red,true
1.000000,1.000000,[0.93947434, 0.34261924],[2.5, 2.8693197],[0.0, 0.0],5.000000,100,red,true
1.000000,1.000000,[0.998722, 0.05054034],[2.5, 2.8464184],[0.0, 0.0],5.000000,100,red,true
1.000000,1.000000,[0.996249, 0.08653276],[2.5, 2.822212],[0.0, 0.0],5.000000,100,red,true
1.000000,1.000000,[0.9405019, -0.3397883],[2.5, 2.7967958],[0.0, 0.0],5.000000,100,red,true
1.000000,1.000000,[0.92612976, 0.37720513],[2.5, 2.7702706],[0.0, 0.0],5.000000,100,red,true
1.000000,1.000000,[0.9954841, 0.09492827],[2.5, 2.7427406],[0.0, 0.0],5.000000,100,red,true
1.000000,1.000000,[0.98986906, 0.14198336],[2.5, 2.7143147],[0.0, 0.0],5.000000,100,red,true
1.000000,1.000000,[0.9984302, -0.05601011],[2.5, 2.6851048],[0.0, 0.0],5.000000,100,red,true
1.000000,1.000000,[0.9871535, -0.15977496],[2.5, 2.6552265],[0.0, 0.0],5.000000,100,red,true
1.000000,1.000000,[0.9824324, 0.1866187],[2.5, 2.6247976],[0.0, 0.0],5.000000,100,red,true
1.000000,1.000000,[0.98328966, -0.18204787],[2.5, 2.593938],[0.0, 0.0],5.000000,100,red,true
1.000000,1.000000,[0.9758399, 0.21848689],[2.5, 2.56277],[0.0, 0.0],5.000000,100,red,true
1.000000,1.000000,[0.9935516, -0.11338072],[2.5, 2.531416],[0.0, 0.0],5.000000,100,red,true
1.000000,1.000000,[0.92635864, 0.37664264],[2.5, 2.5],[0.0, 0.0],5.000000,100,red,true
1.000000,1.000000,[0.9759679, 0.21791428],[2.5, 2.468646],[0.0, 0.0],5.000000,100,red,true
1.000000,1.000000,[0.9997481, -0.022444779],[2.5, 2.4374778],[0.0, 0.0],5.000000,100,red,true
1.000000,1.000000,[0.9917368, -0.12828903],[2.5, 2.4066184],[0.0, 0.0],5.000000,100,red,true
1.000000,1.000000,[0.9932879, -0.11566805],[2.5, 2.3761895],[0.0, 0.0],5.000000,100,red,true
1.000000,1.000000,[0.99985963, -0.016755229],[2.5, 2.346311],[0.0, 0.0],5.000000,100,red,true
1.000000,1.000000,[0.99291915, -0.11879209],[2.5, 2.3171012],[0.0, 0.0],5.000000,100,red,true
1.000000,1.000000,[0.97363317, 0.22811936],[2.5, 2.2886753],[0.0, 0.0],5.000000,100,red,true
1.000000,1.000000,[0.996829, 0.079573594],[2.5, 2.2611454],[0.0, 0.0],5.000000,100,red,true
1.000000,1.000000,[0.98277384, 0.18481235],[2.5, 2.23462],[0.0, 0.0],5.000000,100,red,true
1.000000,1.000000,[0.98385966, -0.17894192],[2.5, 2.2092042],[0.0, 0.0],5.000000,100,red,true
1.000000,1.000000,[0.9939246, 0.11006294],[2.5, 2.1849978],[0.0, 0.0],5.000000,100,red,true
1.000000,1.000000,[0.99532306, 0.09660203],[2.5, 2.1620965],[0.0, 0.0],5.000000,100,red,true
1.000000,1.000000,[0.9260771, 0.3773343],[2.5, 2.140591],[0.0, 0.0],5.000000,100,red,true
1.000000,1.000000,[0.97742337, -0.21129023],[2.5, 2.1205657],[0.0, 0.0],5.000000,100,red,true
1.000000,1.000000,[0.9999346, -0.0114368005],[2.5, 2.1021],[0.0, 0.0],5.000000,100,red,true
1.000000,1.000000,[0.9477352, -0.319058],[2.5, 2.0852664],[0.0, 0.0],5.000000,100,red,true
1.000000,1.000000,[0.9329736, 0.3599447],[2.5, 2.0701315],[0.0, 0.0],5.000000,100,red,true
1.000000,1.000000,[0.9298589, -0.3679163],[2.5, 2.0567553],[0.0, 0.0],5.000000,100,red,true
1.000000,1.000000,[0.9805863, -0.19608814],[2.5, 2.0451903],[0.0, 0.0],5.000000,100,red,true
1.000000,1.000000,[0.94745517, -0.3198886],[2.5, 2.0354824],[0.0, 0.0],5.000000,100,red,true
1.000000,1.000000,[0.9986872, -0.05122327],[2.5, 2.0276697],[0.0, 0.0],5.000000,100,red,true
1.000000,1.000000,[0.9408976, 0.33869117],[2.5, 2.0217829],[0.0, 0.0],5.000000,100,red,true
1.000000,1.000000,[0.996165, 0.08749459],[2.5, 2.0178454],[0.0, 0.0],5.000000,100,red,true
1.000000,1.000000,[0.97899055, 0.20390558],[2.5, 2.0158727],[0.0, 0.0],5.000000,100,red,true
1.000000,1.000000,[0.96634996, 0.25723085],[2.5, 2.0158727],[0.0, 0.0],5.000000,100,red,true
1.000000,1.000000,[0.98918766, -0.14665525],[2.5, 2.0178454],[0.0, 0.0],5.000000,100,red,true
1.000000,1.000000,[0.9975387, -0.070118524],[2.5, 2.0217829],[0.0, 0.0],5.000000,100,red,true
1.000000,1.000000,[0.9995764, 0.029104488],[2.5, 2.0276697],[0.0, 0.0],5.000000,100,red,true
1.000000,1.000000,[0.94416887, 0.32946193],[2.5, 2.0354826],[0.0, 0.0],5.000000,100,red,true
1.000000,1.000000,[0.99974173, 0.022724688],[2.5, 2.0451908],[0.0, 0.0],5.000000,100,red,true
1.000000,1.000000,[0.99560314, -0.09367173],[2.5, 2.0567558],[0.0, 0.0],5.000000,100,red,true
1.000000,1.000000,[0.92934513, -0.36921224],[2.5, 2.070132],[0.0, 0.0],5.000000,100,red,true
1.000000,1.000000,[0.99830633, -0.058175776],[2.5, 2.0852668],[0.0, 0.0],5.000000,100,red,true
1.000000,1.000000,[0.9894524, -0.14485809],[2.5, 2.1021004],[0.0, 0.0],5.000000,100,red,true
1.000000,1.000000,[0.9996646, 0.025898583],[2.5, 2.1205661],[0.0, 0.0],5.000000,100,red,true
1.000000,1.000000,[0.9946961, -0.10285762],[2.5, 2.1405914],[0.0, 0.0],5.000000,100,red,true
1.000000,1.000000,[0.9907883, 0.13541992],[2.5, 2.1620972],[0.0, 0.0],5.000000,100,red,true
1.000000,1.000000,[0.94899666, -0.3152861],[2.5, 2.1849985],[0.0, 0.0],5.000000,100,red,true
1.000000,1.000000,[0.9704128, 0.24145189],[2.5, 2.209205],[0.0, 0.0],5.000000,100,red,true
1.000000,1.000000,[0.9556957, -0.29435647],[2.5, 2.234621],[0.0, 0.0],5.000000,100,red,true
1.000000,1.000000,[0.9718778, -0.23548572],[2.5, 2.2611463],[0.0, 0.0],5.000000,100,red,true
1.000000,1.000000,[0.9999997, -7.9190475E-4],[2.5, 2.2886763],[0.0, 0.0],5.000000,100,red,true
1.000000,1.000000,[0.9999329, 0.011587755],[2.5, 2.3171022],[0.0, 0.0],5.000000,100,red,true
1.000000,1.000000,[0.95775515, 0.28758496],[2.5, 2.346312],[0.0, 0.0],5.000000,100,red,true
1.000000,1.000000,[0.9969938, -0.077481754],[2.5, 2.3761904],[0.0, 0.0],5.000000,100,red,true
1.000000,1.000000,[0.9995304, 0.030643731],[2.5, 2.4066193],[0.0, 0.0],5.000000,100,red,true
1.000000,1.000000,[0.9629567, -0.26965594],[2.5, 2.4374788],[0.0, 0.0],5.000000,100,red,true
1.000000,1.000000,[0.9762503, 0.21664572],[2.5, 2.468647],[0.0, 0.0],5.000000,100,red,true
FieldPoints
Emitter
OscillatingEmitter{position=[2.5, 2.500001], emissionRate=0, spread=0.7853982, angle=0.0, speed=1.0, isEmitting=true, amplitude=0.5, frequency=0.01, theta=6.2831874}
